-24.65449713572346 -24.660358632554885 -25.128067518836005
-97.6013464108474 -24.34111252828383 -24.023073626475465
-91.12788855665318 -23.98007209848477 -23.542494117473552
-94.02696435777688 -23.739069306235027 -24.0424072550462
-23.339736633957365 -23.338557751767777 -23.714013634988614
-65.11809832034632 -22.465402227932437 -22.33762458216977
-21.115985993341564 -20.582645110546494 -19.40064307612004
-15.163269771140534 -16.151623357976824 -16.159853938753905
-21.301123205295664 -21.66522495954005 -21.493677054628183
-90.00370320467647 -16.139419810342247 -17.025524629260886
-17.391551852552805 -17.100616788093383 -15.399628098605099
-47.065117183564624 -19.383358202930886 -18.83134843776853
-15.539511276069305 -16.888509662760104 -15.292069061920696
-74.30414148052203 -11.948876528462094 -9.465791151130318
-9.98783008563231 -12.736009025143991 -5.717383663279378
-8.6651611328125 -9.808576731403988 -5.717383663279378
-46.758081393754665 -14.155233932319305 -15.20303631132057
-25.0 -14.515991042749565 -12.257840566617908
-9.808576731403988 -9.331480920623026 -9.385600407014362
-8.093437066938694 -12.361810923046905 -5.106204728184084
-7.0037295097284655 -4.967674311940412 -4.967674311940412
-5.3632002325796355 -4.967674311940412 0.0
-3.1809401084456885 0.0 0.0
-2.5 -4.967674311940412 -4.167683673331042
-27.397028426887296 -4.424841750767649 0.0
0.0 0.0 0.0
0.0 0.0 0.0
-3.521839950052216 0.0 0.0
0.0 0.0 0.0
0.0 0.0 0.0
0.0 0.0 0.0
-3.269404241539913 0.0 0.0
0.0 0.0 0.0
0.0 0.0 0.0
0.0 0.0 0.0
0.0 0.0 0.0
0.0 0.0 0.0
0.0 0.0 0.0
0.0 0.0 0.0
0.0 0.0 0.0
0.0 0.0 0.0
0.0 0.0 0.0
0.0 0.0 0.0
0.0 0.0 0.0
0.0 0.0 0.0
0.0 0.0 0.0
0.0 0.0 0.0
0.0 0.0 0.0
0.0 0.0 0.0
0.0 0.0 0.0
0.0 0.0 0.0
0.0 0.0 0.0
0.0 0.0 0.0
0.0 0.0 0.0
0.0 0.0 0.0
0.0 0.0 0.0
-8.69343004589572 0.0 0.0
-4.967674311940412 0.0 0.0
-25.0 -2.5 -3.1809401084456885
-76.26953125 -4.375 -5.0559401084456885
0.0 0.0 0.0
0.0 0.0 0.0
0.0 0.0 0.0
0.0 0.0 0.0
0.0 0.0 0.0
0.0 0.0 0.0
0.0 0.0 0.0
-28.057024508083984 0.0 0.0
-26.60871328189387 -7.57577559102301 -8.054482284290268
-27.29736879467964 -8.054482284290268 -9.30746678404494
-48.406861178181785 -5.88827559102301 -6.366982284290268
-7.6408423111228 -7.57577559102301 -7.57577559102301
-27.688659309216362 -5.103761451386287 -3.0625
-7.260936764094496 -4.228935115077878 -4.228935115077878
-27.73727490407679 -6.088136451386287 -4.228935115077878
-5.432143615553884 -6.826417701386287 -5.213310115077878
-27.954752429804877 -1.8882755910230105 -1.8882755910230105
-2.9164351150778782 0.0 0.0
-48.93105473833407 0.0 0.0
-1.75 -2.70846045916638 -4.007607284290268
0.0 0.0 0.0
0.0 0.0 0.0
-28.02290837607927 0.0 0.0
-0.75 -1.0 0.0
0.0 0.0 0.0
0.0 0.0 0.0
0.0 0.0 0.0
-26.615838721065302 0.0 0.0
0.0 0.0 0.0
0.0 0.0 0.0
0.0 0.0 0.0
0.0 0.0 0.0
0.0 0.0 0.0
0.0 0.0 0.0
0.0 0.0 0.0
0.0 0.0 0.0
